255v 0040044044440440.

444444044444444 5555555555555555 4444 4444444404 5555 444444
4444444444444 4440 44444 5 5 5555 44444444 444444444444 444, 555 ,44444
part 555555555 555555 4444444444 40 44 g5555‘5 44444444 4444444444 5555555
probe 5 5 444444 4444444404 44440444 44 44 4444 44444444 4( 04444
44444 440444404444 4444 440 44444444 44 4444 50555 [555 444 4444
4444444444) 0444444444 44444 0555555: 44444444 44444444 4444444444
555555555555 55055555 4444444444 44444444 555555155555555·
44444444ΐὶ44 55550555555555555 55 444440 44444 4444 0401344444 555055555
444 4 44444444404444444044444444 44044 5555 55555555 g555555 40444444
4444444444444 ,555 4444434444 44444444 44444444 4444 44444 44444 444444
4444 40404444 ,44 4440444 4444444 44044 4044444444444044 44 44444 etjam
’ ᾗ 44444444 5555555555555555552 44444444 ’444 <5 55055 5555,- 4444444444.
44444 4 44444444444444440,444404 4444440 4444444044 40 4444
404444 553& 444-4444440444 ‚5g55g5'555 444444 4440444444 4444. Μ 0444444
4444444444 4444444 44 ,44044440 5555555555'555555, 44444 04 444444
, permeat. 44444444 44444444 44,44444444404444444444 44444444, 44444444
444444440οα4 4444 4444444444444404444444 44 4444. Porro 50
4444444444 55555555555 44 4444 4444404440κο 444 555555555555.
555555 555555555 55555555555555555 4444444 4444444444οτ 444 ,59¹
4404444 4444444444 44444 ’4444444444 ,4444404400 44444444 555555555
chirurgia 40444 4444444444 ,444 444444440ρο44644444444444 44444 (555555335'55555553
4444444 44444444 505555555 440 44 P555555 04444 4444 4444444 4040444440
4444444444 44044444 44444444 44444 4444 40444 55 444 4444044444 5555: 44444444
4444444 5555 0444 444 40444444 444 44 414444 044444 44443444 44444 4
5555g555555 5555555555555 444 40444 555 444 44044444 4044444444
Ε44444444,4 44444404444444444444444444444444 44444 5505

Deaurmmdolorc. Cap. XLVIII. 5

ἕῖᾗέξη 444444440404444444444 555555555g5555 5555'555555355555

'¹⁰ A55'55555'5555555Iu 55355555555555 44444444 4444444444 4444444

84444444 55
3552 5535 55 4444444447 4444444 44444 555 444444, ’4444 55' 55555555 5 444

4444444

 

