66666 1111911 136

191191911199111199119999991399919199999, 19191119
39191119 1911119 999119191919911119999911911191119(1111111111
31999199111191911101919999199919191111111199999111 Qu,
9911911999991919111,1’1911191999,·1199111919999911919 ·

91 ’1111111391 666 6999111 11919 99199999 11931119 91191 9
9991999119 99919119, 9119 919119199191991191911
99191911 191111 9919319119, 1191991119 11199 9991111191, 9 1119

3919 119 6 9991111, 9199191111 91191 191911199919911991

19911199991999,919ς ..7 666666666666666666.

Deaegilope‚ 6366616611.

191191, 6911991119 1111119919, 99119 91991999119191,
Α19991 11991919131999119111199 1911919911119-

1919199191 11199 991 9919939911 11911 9939199 111199,
991119 6666 9 9131139 919 1911919199 11,999,·9119119999

911399119111111911199111 99911 9191199 19191119 9916111111
191 11119 19 1191119 ex 11191119 9111 9 11119 11119 ,1111991 9119.Νῡ ς.,,,,ῗ,·’,,
11119991999119 1311111999191991119999199111919
111919,911991911999911 99911191919191119991111111199
91999919911193119919111111199999919919919. -
111 9991 91999 9911911991119191111999919 19 9119911919 99
9999199991, 1911919911919919911999 9111199119 9191
1991199991 1991199919 11191 9111911991111999119999
1119919911 11119 9111391999 199999919991919111119 ,9999
19119 1119111111 1111911 1111991199 9199991999111991 11191919
111111919991111991111,111119991191999119999199119919
1919991999 111919199111119991111 1111119 9911 199911,ἇ 91111111
1199111119 1919111199. 19991911911919911 1191 1119· 111191 ,911
· 111911 ,999911 1199 1911119199 9191 1191119, 9991991191911919 111
919 191911 11991999911991911 191111. 1191 1111199999 99 026 Muti W

9911991111 ,1191111 119111 111991 11999911 111919191199111911 62
666

 

